image_width: 640
image_height: 480
camera_name: narrow_stereo/left
camera_matrix:
  rows: 3
  cols: 3
  data: [552.9, 0, 286.298, 0, 553.676, 292.149, 0, 0, 1]
distortion_coefficients:
  rows: 1
  cols: 5
  data: [-0.214195, 0.010185, -0.010898, 0.009768, 0]
rectification_matrix:
  rows: 3
  cols: 3
  data: [1, 0, 0, 0, 1, 0, 0, 0, 1]
projection_matrix:
  rows: 3
  cols: 4
  data: [552.9, 0, 286.298, 0, 0, 553.676, 292.149, 0, 0, 0, 1, 0]