image_width: 320
image_height: 240
camera_matrix:
  rows: 3
  cols: 3
  data: [296.153, 0, 165.053, 0, 296.384, 119.928, 0, 0, 1]
distortion_model: plumb_bob
distortion_coefficients:
  rows: 1
  cols: 5
  data: [-0.36733, 0.161154, 0.001626, 0.002555, 0]
rectification_matrix:
  rows: 3
  cols: 3
  data: [1, 0, 0, 0, 1, 0, 0, 0, 1]
projection_matrix:
  rows: 3
  cols: 4
  data: [296.153, 0, 165.053, 0, 0, 296.384, 119.928, 0, 0, 0, 1, 0]
