image_width: 640
image_height: 480
camera_name: narrow_stereo/left
camera_matrix:
  rows: 3
  cols: 3
  data: [626.289, 0, 325.279, 0, 625.495, 270.016, 0, 0, 1]
distortion_coefficients:
  rows: 1
  cols: 5
  data: [-0.423807, 0.228076, -0.004043, -0.001038, 0]
rectification_matrix:
  rows: 3
  cols: 3
  data: [0.999864, 0.008003, -0.014412, -0.007971, 0.999966, 0.00223, 0.01443, -0.002115, 0.999894]
projection_matrix:
  rows: 3
  cols: 4
  data: [593.55, 0, 352.672, 0, 0, 593.55, 273.193, 0, 0, 0, 1, 0]