---
image_width: 320
image_height: 240
#camera_name: 00b09d010090f9de
camera_matrix:
  rows: 3
  cols: 3
  data: [408.284, 0, 157.592, 0, 407.601, 95.9437, 0, 0, 1]
distortion_model: plumb_bob
distortion_coefficients:
  rows: 1
  cols: 5
  data: [-0.402684, 0.366807, 0.00722524, -0.000869983, 0]
rectification_matrix:
  rows: 3
  cols: 3
  data: [1, 0, 0, 0, 1, 0, 0, 0, 1]
projection_matrix:
  rows: 3
  cols: 4
  data: [408.284, 0, 157.592, 0, 0, 407.601, 95.9437, 0, 0, 0, 1, 0]
