orange:
  cov: [10.0, 30.0, 30.0]
  mean: [11.5516094240251, 192.99368976916182, 217.98467615419094]
