orange:
  cov: [8.632829280634709, 100.8943804135431, 100.2447768907325]
  mean: [17.498839907192576, 149.96519721577727, 221.21809744779583]
