green:
  cov: [0.59928254970739026, 865.06408448308321, 109.53596261756995]
  mean: [76.082543386320552, 165.60653346944727, 128.93072772349424]
orange:
  cov: [10.798418743858129, 524.61950791004222, 120.00705817741436]
  mean: [10.013138290667751, 193.07557903291345, 225.10402275497765]
yellow:
  cov: [2.6357980496389235, 509.66363451151642, 63.859081328432261]
  mean: [31.163734776725306, 182.64400090211998, 213.33322056833558]
