green:
  cov: [15.209865349780303, 1455.1343783150328, 4727.6667433393113]
  mean: [17.406066536203522, 146.51272015655579, 164.00929549902153]
orange:
  cov: [15.446603635749241, 110.6415293089435, 110.5534402180419]
  mean: [21.469451823231104, 119.10299444578604, 128.2388312001932]
