orange:
  cov: [15.446603635749241, 110.6415293089435, 110.5534402180419]
  mean: [21.469451823231104, 119.10299444578604, 128.2388312001932]
