# oST version 5.0 parameters


[image]

width
640

height
480

[narrow_stereo/left]

camera matrix
626.470333 0.000000 331.045173
0.000000 626.824119 238.514523
0.000000 0.000000 1.000000

distortion
-0.379504 0.150317 -0.000089 -0.000860 0.0000

rectification
0.998925 0.026918 -0.037735
-0.026931 0.999637 0.000163
0.037726 0.000854 0.999288

projection
446.887556 0.000000 382.206726 0.000000
0.000000 446.887556 258.216421 0.000000
0.000000 0.000000 1.000000 0.000000
