image_width: 640
image_height: 480
camera_name: front_lt_camera/camera
camera_matrix:
  rows: 3
  cols: 3
  data: [601.001, 0, 317.672, 0, 600.869, 228.387, 0, 0, 1]
distortion_coefficients:
  rows: 1
  cols: 5
  data: [-0.394593, 0.222719, -6.4e-05, 0.001058, 0]
rectification_matrix:
  rows: 3
  cols: 3
  data: [1, 0, 0, 0, 1, 0, 0, 0, 1]
projection_matrix:
  rows: 3
  cols: 4
  data: [601.001, 0, 317.672, 0, 0, 600.869, 228.387, 0, 0, 0, 1, 0]
