image_width: 640
image_height: 480
camera_name: 00b09d010090f9d6
camera_matrix:
  rows: 3
  cols: 3
  data: [623.228, 0, 375.009, 0, 623.579, 278.313, 0, 0, 1]
distortion_coefficients:
  rows: 1
  cols: 5
  data: [-0.368859, 0.155898, -0.000799, 0.001282, 0]
rectification_matrix:
  rows: 3
  cols: 3
  data: [0.998656, 0.049042, -0.016745, -0.049036, 0.998797, 0.000756, 0.016762, 6.6e-05, 0.99986]
projection_matrix:
  rows: 3
  cols: 4
  data: [446.888, 0, 382.207, -157.547, 0, 446.888, 258.216, 0, 0, 0, 1, 0]
