# oST version 5.0 parameters


[image]

width
640

height
480

[narrow_stereo/left]

camera matrix
626.288940 0.000000 325.279438
0.000000 625.495490 270.015559
0.000000 0.000000 1.000000

distortion
-0.423807 0.228076 -0.004043 -0.001038 0.0000

rectification
0.999864 0.008003 -0.014412
-0.007971 0.999966 0.002230
0.014430 -0.002115 0.999894

projection
593.549800 0.000000 352.672153 0.000000
0.000000 593.549800 273.193100 0.000000
0.000000 0.000000 1.000000 0.000000
