# oST version 5.0 parameters


[image]

width
640

height
480

[narrow_stereo/right]

camera matrix
618.979187 0.000000 370.034006
0.000000 619.173107 272.787674
0.000000 0.000000 1.000000

distortion
-0.382514 0.165240 -0.000245 -0.001848 0.0000

rectification
0.999903 0.002986 0.013613
-0.002956 0.999993 -0.002193
-0.013619 0.002153 0.999905

projection
593.549800 0.000000 352.672153 -206.224510
0.000000 593.549800 273.193100 0.000000
0.000000 0.000000 1.000000 0.000000
