image_width: 640
image_height: 480
camera_name: down_rt_camera/camera
camera_matrix:
  rows: 3
  cols: 3
  data: [618.162, 0, 364.026, 0, 617.519, 267.026, 0, 0, 1]
distortion_coefficients:
  rows: 1
  cols: 5
  data: [-0.38552, 0.145326, -0.002385, -0.000997, 0]
rectification_matrix:
  rows: 3
  cols: 3
  data: [1, 0, 0, 0, 1, 0, 0, 0, 1]
projection_matrix:
  rows: 3
  cols: 4
  data: [618.162, 0, 364.026, 0, 0, 617.519, 267.026, 0, 0, 0, 1, 0]
