# oST version 5.0 parameters


[image]

width
640

height
480

[narrow_stereo/left]

camera matrix
618.161618 0.000000 364.025573
0.000000 617.519123 267.025803
0.000000 0.000000 1.000000

distortion
-0.385520 0.145326 -0.002385 -0.000997 0.0000

rectification
1.000000 0.000000 0.000000
0.000000 1.000000 0.000000
0.000000 0.000000 1.000000

projection
618.161618 0.000000 364.025573 0.000000
0.000000 617.519123 267.025803 0.000000
0.000000 0.000000 1.000000 0.000000
