# oST version 5.0 parameters


[image]

width
640

height
480

[narrow_stereo/right]

camera matrix
620.710717 0.000000 371.396798
0.000000 621.482472 276.720378
0.000000 0.000000 1.000000

distortion
-0.376437 0.158650 -0.000704 0.000630 0.0000

rectification
0.999258 0.016897 0.034621
-0.017078 0.999842 0.004953
-0.034532 -0.005541 0.999388

projection
640.417132 0.000000 340.103954 -219.859103
0.000000 640.417132 257.524405 0.000000
0.000000 0.000000 1.000000 0.000000

