# oST version 5.0 parameters


[image]

width
640

height
480

[narrow_stereo/left]

camera matrix
552.900263 0.000000 286.297927
0.000000 553.676074 292.149439
0.000000 0.000000 1.000000

distortion
-0.214195 0.010185 -0.010898 0.009768 0.0000

rectification
1.000000 0.000000 0.000000
0.000000 1.000000 0.000000
0.000000 0.000000 1.000000

projection
552.900263 0.000000 286.297927 0.000000
0.000000 553.676074 292.149439 0.000000
0.000000 0.000000 1.000000 0.000000
