image_width: 640
image_height: 480
camera_name: narrow_stereo/left
camera_matrix:
  rows: 3
  cols: 3
  data: [568.684, 0, 323.497, 0, 568.409, 254.549, 0, 0, 1]
distortion_coefficients:
  rows: 1
  cols: 5
  data: [-0.333015, 0.127138, 0.002032, 0.004447, 0]
rectification_matrix:
  rows: 3
  cols: 3
  data: [1, 0, 0, 0, 1, 0, 0, 0, 1]
projection_matrix:
  rows: 3
  cols: 4
  data: [568.684, 0, 323.497, 0, 0, 568.409, 254.549, 0, 0, 0, 1, 0]