# oST version 5.0 parameters


[image]

width
640

height
480

[00b09d010090f9de]

camera matrix
602.750681 0.000000 332.619119
0.000000 602.324857 234.573559
0.000000 0.000000 1.000000

distortion
-0.391266 0.198043 -0.000278 -0.000779 0.0000

rectification
1.000000 0.000000 0.000000
0.000000 1.000000 0.000000
0.000000 0.000000 1.000000

projection
602.750681 0.000000 332.619119 0.000000
0.000000 602.324857 234.573559 0.000000
0.000000 0.000000 1.000000 0.000000
