# oST version 5.0 parameters


[image]

width
640

height
480

[narrow_stereo/left]

camera matrix
568.684143 0.000000 323.496562
0.000000 568.408872 254.548868
0.000000 0.000000 1.000000

distortion
-0.333015 0.127138 0.002032 0.004447 0.0000

rectification
1.000000 0.000000 0.000000
0.000000 1.000000 0.000000
0.000000 0.000000 1.000000

projection
568.684143 0.000000 323.496562 0.000000
0.000000 568.408872 254.548868 0.000000
0.000000 0.000000 1.000000 0.000000
