image_width: 640
image_height: 480
camera_name: 00b09d010090f9dc
camera_matrix:
  rows: 3
  cols: 3
  data: [629.089, 0, 335.176, 0, 629.391, 234.557, 0, 0, 1]
distortion_coefficients:
  rows: 1
  cols: 5
  data: [-0.405235, 0.22684, 0.001142, -0.001002, 0]
rectification_matrix:
  rows: 3
  cols: 3
  data: [0.999723, 0.006733, 0.022551, -0.006615, 0.999964, -0.005323, -0.022586, 0.005173, 0.999732]
projection_matrix:
  rows: 3
  cols: 4
  data: [640.417, 0, 340.104, 0, 0, 640.417, 257.524, 0, 0, 0, 1, 0]
