# oST version 5.0 parameters


[image]

width
640

height
480

[narrow_stereo/right]

camera matrix
623.227613 0.000000 375.008699
0.000000 623.578672 278.312585
0.000000 0.000000 1.000000

distortion
-0.368859 0.155898 -0.000799 0.001282 0.0000

rectification
0.998656 0.049042 -0.016745
-0.049036 0.998797 0.000756
0.016762 0.000066 0.999860

projection
446.887556 0.000000 382.206726 -157.546857
0.000000 446.887556 258.216421 0.000000
0.000000 0.000000 1.000000 0.000000

