image_width: 640
image_height: 480
camera_name: 00b09d010090f9d6
camera_matrix:
  rows: 3
  cols: 3
  data: [620.711, 0, 371.397, 0, 621.482, 276.72, 0, 0, 1]
distortion_coefficients:
  rows: 1
  cols: 5
  data: [-0.376437, 0.15865, -0.000704, 0.00063, 0]
rectification_matrix:
  rows: 3
  cols: 3
  data: [0.999258, 0.016897, 0.034621, -0.017078, 0.999842, 0.004953, -0.034532, -0.005541, 0.999388]
projection_matrix:
  rows: 3
  cols: 4
  data: [640.417, 0, 340.104, -219.859, 0, 640.417, 257.524, 0, 0, 0, 1, 0]
