# oST version 5.0 parameters


[image]

width
640

height
480

[narrow_stereo/left]

camera matrix
629.089056 0.000000 335.176407
0.000000 629.390710 234.557198
0.000000 0.000000 1.000000

distortion
-0.405235 0.226840 0.001142 -0.001002 0.0000

rectification
0.999723 0.006733 0.022551
-0.006615 0.999964 -0.005323
-0.022586 0.005173 0.999732

projection
640.417132 0.000000 340.103954 0.000000
0.000000 640.417132 257.524405 0.000000
0.000000 0.000000 1.000000 0.000000
