# oST version 5.0 parameters


[image]

width
640

height
480

[narrow_stereo/left]

camera matrix
636.088093 0.000000 305.147309
0.000000 637.697355 236.130829
0.000000 0.000000 1.000000

distortion
-0.431462 0.213316 -0.004703 0.003314 0.0000

rectification
1.000000 0.000000 0.000000
0.000000 1.000000 0.000000
0.000000 0.000000 1.000000

projection
636.088093 0.000000 305.147309 0.000000
0.000000 637.697355 236.130829 0.000000
0.000000 0.000000 1.000000 0.000000
