# oST version 5.0 parameters


[image]

width
640

height
480

[narrow_stereo/left]

camera matrix
601.001202 0.000000 317.671724
0.000000 600.869088 228.386966
0.000000 0.000000 1.000000

distortion
-0.394593 0.222719 -0.000064 0.001058 0.0000

rectification
1.000000 0.000000 0.000000
0.000000 1.000000 0.000000
0.000000 0.000000 1.000000

projection
601.001202 0.000000 317.671724 0.000000
0.000000 600.869088 228.386966 0.000000
0.000000 0.000000 1.000000 0.000000
