# oST version 5.0 parameters


[image]

width
640

height
480

[narrow_stereo/left]

camera matrix
616.292155 0.000000 316.018995
0.000000 616.308854 255.833401
0.000000 0.000000 1.000000

distortion
-0.410839 0.231691 -0.000002 0.003494 0.0000

rectification
0.998938 -0.004214 -0.045873
0.003657 0.999919 -0.012229
0.045921 0.012049 0.998872

projection
597.769694 0.000000 374.936245 0.000000
0.000000 597.769694 267.204683 0.000000
0.000000 0.000000 1.000000 0.000000
