image_width: 640
image_height: 480
camera_name: narrow_stereo/left
camera_matrix:
  rows: 3
  cols: 3
  data: [616.292, 0, 316.019, 0, 616.309, 255.833, 0, 0, 1]
distortion_coefficients:
  rows: 1
  cols: 5
  data: [-0.410839, 0.231691, -2e-06, 0.003494, 0]
rectification_matrix:
  rows: 3
  cols: 3
  data: [0.998938, -0.004214, -0.045873, 0.003657, 0.999919, -0.012229, 0.045921, 0.012049, 0.998872]
projection_matrix:
  rows: 3
  cols: 4
  data: [597.77, 0, 374.936, 0, 0, 597.77, 267.205, 0, 0, 0, 1, 0]