# oST version 5.0 parameters


[image]

width
640

height
480

[narrow_stereo/right]

camera matrix
616.315762 0.000000 362.398268
0.000000 617.107517 272.630455
0.000000 0.000000 1.000000

distortion
-0.374948 0.164386 0.000698 0.000700 0.0000

rectification
0.999252 -0.008017 -0.037839
0.008476 0.999892 0.011984
0.037739 -0.012296 0.999212

projection
597.769694 0.000000 374.936245 -208.484846
0.000000 597.769694 267.204683 0.000000
0.000000 0.000000 1.000000 0.000000
