image_width: 640
image_height: 480
camera_name: narrow_stereo/right
camera_matrix:
  rows: 3
  cols: 3
  data: [616.316, 0, 362.398, 0, 617.108, 272.63, 0, 0, 1]
distortion_coefficients:
  rows: 1
  cols: 5
  data: [-0.374948, 0.164386, 0.000698, 0.0007, 0]
rectification_matrix:
  rows: 3
  cols: 3
  data: [0.999252, -0.008017, -0.037839, 0.008476, 0.999892, 0.011984, 0.037739, -0.012296, 0.999212]
projection_matrix:
  rows: 3
  cols: 4
  data: [597.77, 0, 374.936, -208.485, 0, 597.77, 267.205, 0, 0, 0, 1, 0]